# torque ctrl:  shake foot

torctrlposture
1,1,1,1
0,0.0,0,-0.0,-0.0,0
0,0,0
200

torctrlposture
1,1,1,1
0.0,-0.0,0,-0.05,0.0,0
0,0,0.0
400

################
torctrlposture
-1,1,1,1
-0.0,-0.0,0,-0.00,0.0,0
0,0,0.1
50


torctrlposture
-1,1,1,1
-0.0,-0.0,0,-0.00,0.0,0
0,0,-0.1
50

torctrlposture
1,1,1,1
-0.0,-0.0,0,-0.00,0.0,0
0,0,-0.0
10

torctrlposture
-1,1,1,1
-0.0,-0.0,0,-0.00,0.0,0
0.1,0,0.01
100

torctrlposture
-1,1,1,1
-0.0,-0.0,0,-0.00,0.0,0
-0.1,0,-0.01
100

torctrlposture
1,1,1,1
-0.0,-0.0,0,-0.00,0.0,0
0,0,-0.0
10

torctrlposture
1,-1,1,1
-0.0,-0.0,0,-0.00,0.0,0
0,0,0.1
50


torctrlposture
1,-1,1,1
-0.0,-0.0,0,-0.00,0.0,0
0,0,-0.1
50


###########

torctrlposture
1,1,1,1
-0.0,-0.0,0,-0.00,0.0,0
0,0,-0.0
10

torctrlposture
-1,1,1,1
-0.0,-0.0,0,-0.00,0.0,0
0,0,0.1
50

torctrlposture
-1,1,1,1
-0.0,-0.0,0,-0.00,0.0,0
0,0,-0.1
50

torctrlposture
1,1,1,1
-0.0,-0.0,0,-0.00,0.0,0
0,0,-0.0
10

torctrlposture
1,-1,1,1
-0.0,-0.0,0,-0.00,0.0,0
0,0,0.1
50

torctrlposture
1,-1,1,1
-0.0,-0.0,0,-0.00,0.0,0
0,0,-0.1
50

##############
torctrlposture
1,1,1,1
-0.0,0.0,0,0.05,0.0,0
0,0,0.0
200


torctrlposture
1,1,1,1
0.0,0.0,0,0.0,0.0,0.0
0,0,0
20

locomotion
0,0,0
0
3
360

torctrlposture
1,1,1,1
0.0,0.0,0,0.0,0.0,0.0
0,0,0
50