torctrlposture
1,1,1,1
0,-0.0, 0,-0.0,0.0,-0.0
0,0,0
1000

transition
0.3
500

pose
1,1,1,1
0,0.0,0,-0.0,-0.0,0
0,0,0
0,0,0
100

pose
1,1,1,1
0,0.45,0,-0.05,-0.0,0
0,0,0
0,0,0
250

pose
1,1,1,1
0.3,0.0,0,-0.0,-0.0,0
0,0,0
0,0,0
200

pose
1,1,1,1
-0.6,0.0,0,-0.0,-0.0,0
0,0,0
0,0,0
400

pose
1,1,1,1
0.3,0.0,0,-0.0,-0.0,0
0,0,0
0,0,0
200

pose
-1,1,1,1
0.1,0.0,0,-0.05,0.03,0
0,0,0
0,0,0
300

pose
-1,1,1,1
0.0,0.0,0,-0.0,-0.0,0
0,0,0.05
0,0,0
250

pose
-1,1,1,1
0.0,0.0,0,-0.0,-0.0,0
0.36,0.0,0.32
0,0,0
400

swingleg
-1,1,1,1
0.0,0.0,0,-0.0,-0.0,0
-0.0,0.0,-0.0
0,0,0
2500

pose
-1,1,1,1
0.0,0.0,0,-0.0,-0.0,0
-0.36,0.0,-0.32
0,0,0
600

pose
-1,1,1,1
0.0,0.0,0,-0.0,-0.0,0
-0.0,0.0,-0.05
0,0,0
200

transition
0.3
500

transition
0.3
120

