# transfer body
pose
1,1,1,1
0,0.33,0,0,0.05,0
0,0,0
0.0,0,0
300

# step leg rf
pose
-1,1,1,1
0,-0.0,0,0.0,0.0,0
0,0,0.18
0,0,0
300

pose
-1,1,1,1
0,-0.0,0,0.0,0.0,0
0.15,0,0.0
0,0,0
300

pose
-1,1,1,1
0,-0.0,0,0.0,0.0,0
0,0,-0.05
0,0,0
300

# transfer body 
pose
1,1,1,1
0,-0.0,0,0.0,-0.1,0
0,0,-0.0
0,0,0
300

# step leg rf
pose
1,-1,1,1
0,-0.0,0,0.0,0.0,0
0,0,0.18
0,0,0
300

pose
1,-1,1,1
0,-0.0,0,0.0,0.0,0
0.15,0,0.0
0,0,0
300

pose
1,-1,1,1
0,-0.0,0,0.0,0.0,0
0,0,-0.03
0,0,0
300

#transfer body
pose
1,1,1,1
0.0,-0.0,0,0.15,0.0,0.05
0,0,0.0
0,0,0
300

# step leg lb
pose
1,1,1,-1
0,-0.0,0,0.0,0.0,0
0.07,0,0.05
0,0,0
300

pose
1,1,1,-1
0,-0.0,0,0.0,0.0,0
0.08,0,-0.05
0,0,0
300